   1.0000000000000000E-004  -1.5999357628544431E-003
   1.1000000000000002E-004  -1.7599222726403241E-003
   1.2100000000000003E-004  -1.9359059510719590E-003
   1.3310000000000004E-004  -2.1294862013405691E-003
   1.4641000000000006E-004  -2.3424223047001647E-003
   1.6105100000000008E-004  -2.5766493894963105E-003
   1.7715610000000010E-004  -2.8342960024261288E-003
   1.9487171000000012E-004  -3.1177034279252780E-003
   2.1435888100000014E-004  -3.4294469413609363E-003
   2.3579476910000016E-004  -3.7723591710374649E-003
   2.5937424601000017E-004  -4.1495558073094685E-003
   2.8531167061100022E-004  -4.5644638590758291E-003
   3.1384283767210024E-004  -5.0208527366066846E-003
   3.4522712143931030E-004  -5.5228684271355633E-003
   3.7974983358324136E-004  -6.0750710753225690E-003
   4.1772481694156552E-004  -6.6824763115107544E-003
   4.5949729863572212E-004  -7.3506006816117520E-003
   5.0544702849929441E-004  -8.0855116092166668E-003
   5.5599173134922395E-004  -8.8938823176860637E-003
   6.1159090448414640E-004  -9.7830522105084583E-003
   6.7274999493256108E-004  -1.0761093255190701E-002
   7.4002499442581723E-004  -1.1836882941921090E-002
   8.1402749386839902E-004  -1.3020184495864839E-002
   8.9543024325523899E-004  -1.4321735020139670E-002
   9.8497326758076298E-004  -1.5753342369613677E-002
   1.0834705943388394E-003  -1.7327991614259020E-002
   1.1918176537727234E-003  -1.9059962004263298E-002
   1.3109994191499959E-003  -2.0964955481794334E-002
   1.4420993610649957E-003  -2.3060237857919219E-002
   1.5863092971714955E-003  -2.5364793866572199E-002
   1.7449402268886452E-003  -2.7899497460758482E-002
   1.9194342495775099E-003  -3.0687298782638095E-002
   2.1113776745352612E-003  -3.3753429451437000E-002
   2.3225154419887874E-003  -3.7125627862181432E-002
   2.5547669861876662E-003  -4.0834386436358727E-002
   2.8102436848064329E-003  -4.4913222885810455E-002
   3.0912680532870765E-003  -4.9398977716130332E-002
   3.4003948586157845E-003  -5.4332140458562606E-002
   3.7404343444773632E-003  -5.9757207239258037E-002
   4.1144777789250998E-003  -6.5723072593925735E-002
   4.5259255568176103E-003  -7.2283458609838647E-002
   4.9785181124993722E-003  -7.9497384761438639E-002
   5.4763699237493097E-003  -8.7429682032748701E-002
   6.0240069161242409E-003  -9.6151555214468942E-002
   6.6264076077366656E-003 -0.10574119751630207     
   7.2890483685103327E-003 -0.11628446190515973     
   8.0179532053613663E-003 -0.12787559389863645     
   8.8197485258975031E-003 -0.14061803076151591     
   9.7017233784872543E-003 -0.15462527234588208     
   1.0671895716335981E-002 -0.17002182906106356     
   1.1739085287969580E-002 -0.18694425263006309     
   1.2912993816766539E-002 -0.20554225548452365     
   1.4204293198443194E-002 -0.22597992474430839     
   1.5624722518287514E-002 -0.24843703670372008     
   1.7187194770116265E-002 -0.27311047770700725     
   1.8905914247127894E-002 -0.30021577701374724     
   2.0796505671840684E-002 -0.32998875685926521     
   2.2876156239024753E-002 -0.36268730427322993     
   2.5163771862927231E-002 -0.39859326832142017     
   2.7680149049219956E-002 -0.43801448517418606     
   3.0448163954141953E-002 -0.48128693176821713     
   3.3492980349556153E-002 -0.52877700667859528     
   3.6842278384511769E-002 -0.58088393411039618     
   4.0526506222962951E-002 -0.63804228347104441     
   4.4579156845259246E-002 -0.70072459280562072     
   4.9037072529785175E-002 -0.76944407917241620     
   5.3940779782763695E-002 -0.84475741278390615     
   5.9334857761040069E-002 -0.92726752427223147     
   6.5268343537144086E-002  -1.0176264055152373     
   7.1795177890858500E-002  -1.1165378540647950     
   7.8974695679944362E-002  -1.2247600990826655     
   8.6872165247938810E-002  -1.3431082328064434     
   9.5559381772732696E-002  -1.4724563557681236     
  0.10511531995000598       -1.6137393263833530     
  0.11562685194500658       -1.7679539861171563     
  0.12718953713950723       -1.9361597104512356     
  0.13990849085345797       -2.1194781138250463     
  0.15389933993880378       -2.3190917140654079     
  0.16928927393268417       -2.5362413395856862     
  0.18621820132595260       -2.7722220419714461     
  0.20484002145854788       -3.0283772591387930     
  0.22532402360440268       -3.3060909620537799     
  0.24785642596484297       -3.6067775135490052     
  0.27264206856132728       -3.9318689739812598     
  0.29990627541746001       -4.2827996086966209     
  0.32989690295920604       -4.6609873900448449     
  0.36288659325512668       -5.0678123457291235     
  0.39917525258063935       -5.5045916889378361     
  0.43909277783870332       -5.9725517768139653     
  0.48300205562257370       -6.4727970838559514     
  0.53130226118483115       -7.0062765457042957     
  0.58443248730331432       -7.5737478235769231     
  0.64287573603364578       -8.1757402547012781     
  0.70716330963701046       -8.8125174797659120     
  0.77787964060071157       -9.4840409613478585     
  0.85566760466078284       -10.189935810058579     
  0.94123436512686121       -10.929460497382440     
   1.0353578016395475       -11.701482133532469     
   1.1388935818035024       -12.504459002940429     
   1.2527829399838528       -13.336431959926603     
   1.3780612339822382       -14.195026078956392     
   1.5158673573804622       -15.077463622985178     
   1.6674540931185085       -15.980588946075994     
   1.8341995024303595       -16.900905402148631     
   2.0176194526733955       -17.834623722348109     
   2.2193813979407353       -18.777720692146932     
   2.4413195377348091       -19.726006356105298     
   2.6854514915082901       -20.675197455289293     
   2.9539966406591192       -21.620994407643970     
   3.2493963047250314       -22.559158912760207     
   3.5743359351975350       -23.485589221813523     
   3.9317695287172887       -24.396390265017892     
   4.3249464815890182       -25.287936157814638     
   4.7574411297479200       -26.156923081482070     
   5.2331852427227128       -27.000411109599725     
   5.7565037669949843       -27.815854177700505     
   6.3321541436944830       -28.601118017796001     
   6.9653695580639319       -29.354486455703260     
   7.6619065138703260       -30.074656960235217     
   8.4280971652573591       -30.760726714609255     
   9.2709068817830964       -31.412170740114760     
   10.197997569961407       -32.028813740498208     
   11.217797326957548       -32.610797362948276     
   12.339577059653305       -33.158544505311028     
   13.573534765618636       -33.672722160568924     
   14.930888242180501       -34.154204101207860     
   16.423977066398553       -34.604034489307800     
   18.066374773038412       -35.023393271782723     
   19.873012250342253       -35.413563999277429     
   21.860313475376479       -35.775904502973731     
   24.046344822914129       -36.111820683297900     
   26.450979305205543       -36.422743512212158     
   29.096077235726099       -36.710109227603738     
   32.005684959298712       -36.975342603363721     
   35.206253455228584       -37.219843109741177     
   38.726878800751443       -37.444973732273169     
   42.599566680826591       -37.652052190430439     
   46.859523348909256       -37.842344285436909     
   51.545475683800184       -38.017059107065535     
   56.700023252180209       -38.177345838480001     
   62.370025577398238       -38.324291913703505     
   68.607028135138066       -38.458922301828750     
   75.467730948651877       -38.582199713853079     
   83.014504043517064       -38.695025550648893     
   91.315954447868776       -38.798241433034782     
