   1.0000000000000000E-004   59.011367789690169     
   1.1000000000000002E-004   58.913739318725135     
   1.2100000000000003E-004   58.806603720010472     
   1.3310000000000004E-004   58.689062815426766     
   1.4641000000000006E-004   58.560139263438799     
   1.6105100000000008E-004   58.418770758820017     
   1.7715610000000010E-004   58.263804058231997     
   1.9487171000000012E-004   58.093988887488720     
   2.1435888100000014E-004   57.907971803658810     
   2.3579476910000016E-004   57.704290105624878     
   2.5937424601000017E-004   57.481365910633272     
   2.8531167061100022E-004   57.237500542024392     
   3.1384283767210024E-004   56.970869404926589     
   3.4522712143931030E-004   56.679517562335022     
   3.7974983358324136E-004   56.361356263594587     
   4.1772481694156552E-004   56.014160720560866     
   4.5949729863572212E-004   55.635569472992700     
   5.0544702849929441E-004   55.223085732986149     
   5.5599173134922395E-004   54.774081146926349     
   6.1159090448414640E-004   54.285802460294263     
   6.7274999493256108E-004   53.755381612744358     
   7.4002499442581723E-004   53.179849824327732     
   8.1402749386839902E-004   52.556156253781751     
   8.9543024325523899E-004   51.881191810681997     
   9.8497326758076298E-004   51.151818678271070     
   1.0834705943388394E-003   50.364906045526283     
   1.1918176537727234E-003   49.517372447653713     
   1.3109994191499959E-003   48.606234965985706     
   1.4420993610649957E-003   47.628665334347900     
   1.5863092971714955E-003   46.582052734366201     
   1.7449402268886452E-003   45.464072735008003     
   1.9194342495775099E-003   44.272761444504354     
   2.1113776745352612E-003   43.006593504229173     
   2.3225154419887874E-003   41.664562079960973     
   2.5547669861876662E-003   40.246258520287611     
   2.8102436848064329E-003   38.751948887315507     
   3.0912680532870765E-003   37.182644161674361     
   3.4003948586157845E-003   35.540160628189810     
   3.7404343444773632E-003   33.827166808947553     
   4.1144777789250998E-003   32.047213372582249     
   4.5259255568176103E-003   30.204742749594203     
   4.9785181124993722E-003   28.305075745179550     
   5.4763699237493097E-003   26.354373263874521     
   6.0240069161242409E-003   24.359572318629588     
   6.6264076077366656E-003   22.328296737110726     
   7.2890483685103327E-003   20.268744320128754     
   8.0179532053613663E-003   18.189553550626307     
   8.8197485258975031E-003   16.099654185122610     
   9.7017233784872543E-003   14.008107072841504     
   1.0671895716335981E-002   11.923939245659305     
   1.1739085287969580E-002   9.8559806364474980     
   1.2912993816766539E-002   7.8127086827252157     
   1.4204293198443194E-002   5.8021065659754214     
   1.5624722518287514E-002   3.8315399733344151     
   1.7187194770116265E-002   1.9076561294473180     
   1.8905914247127894E-002   3.6307536073287849E-002
   2.0796505671840684E-002  -1.7774985114421540     
   2.2876156239024753E-002  -3.5296248796139693     
   2.5163771862927231E-002  -5.2168054470974212     
   2.7680149049219956E-002  -6.8366242335356517     
   3.0448163954141953E-002  -8.3874758964494589     
   3.3492980349556153E-002  -9.8685111223684601     
   3.6842278384511769E-002  -11.279570616840420     
   4.0526506222962951E-002  -12.621111348059785     
   4.4579156845259246E-002  -13.894128463306174     
   4.9037072529785175E-002  -15.100075925069344     
   5.3940779782763695E-002  -16.240788454036498     
   5.9334857761040069E-002  -17.318406864458531     
   6.5268343537144086E-002  -18.335308372307214     
   7.1795177890858500E-002  -19.294042978136723     
   7.8974695679944362E-002  -20.197276595914918     
   8.6872165247938810E-002  -21.047741229283769     
   9.5559381772732696E-002  -21.848192193619660     
  0.10511531995000598       -22.601372146095649     
  0.11562685194500658       -23.309981512731650     
  0.12718953713950723       -23.976654784443117     
  0.13990849085345797       -24.603942085123009     
  0.15389933993880378       -25.194295385034941     
  0.16928927393268417       -25.750058733659174     
  0.18621820132595260       -26.273461909704444     
  0.20484002145854788       -26.766616925340024     
  0.22532402360440268       -27.231516870991896     
  0.24785642596484297       -27.670036641592858     
  0.27264206856132728       -28.083935141353656     
  0.29990627541746001       -28.474858619259258     
  0.32989690295920604       -28.844344839731402     
  0.36288659325512668       -29.193827841043049     
  0.39917525258063935       -29.524643077456901     
  0.43909277783870332       -29.838032779422150     
  0.48300205562257370       -30.135151399524638     
  0.53130226118483115       -30.417071040470240     
  0.58443248730331432       -30.684786785539330     
  0.64287573603364578       -30.939221872105172     
  0.70716330963701046       -31.181232665413209     
  0.77787964060071157       -31.411613403325219     
  0.85566760466078284       -31.631100693576435     
  0.94123436512686121       -31.840377753677778     
   1.0353578016395475       -32.040078390283789     
   1.1388935818035024       -32.230790719962307     
   1.2527829399838528       -32.413060637126769     
   1.3780612339822382       -32.587395037667932     
   1.5158673573804622       -32.754264808755572     
   1.6674540931185085       -32.914107596544596     
   1.8341995024303595       -33.067330364258495     
   2.0176194526733955       -33.214311753455192     
   2.2193813979407353       -33.355404261302390     
   2.4413195377348091       -33.490936246480956     
   2.6854514915082901       -33.621213775958061     
   2.9539966406591192       -33.746522324377786     
   3.2493963047250314       -33.867128337244225     
   3.5743359351975350       -33.983280668452515     
   3.9317695287172887       -34.095211902079939     
   4.3249464815890182       -34.203139567700056     
   4.7574411297479200       -34.307267257841772     
   5.2331852427227128       -34.407785655591148     
   5.7565037669949843       -34.504873479734158     
   6.3321541436944830       -34.598698354267505     
   6.9653695580639319       -34.689417608565329     
   7.6619065138703260       -34.777179013982838     
   8.4280971652573591       -34.862121462205224     
   9.2709068817830964       -34.944375590209823     
   10.197997569961407       -35.024064356302063     
   11.217797326957548       -35.101303571308989     
   12.339577059653305       -35.176202388666873     
   13.573534765618636       -35.248863756820363     
   14.930888242180501       -35.319384837057569     
   16.423977066398553       -35.387857389636750     
   18.066374773038412       -35.454368130814494     
   19.873012250342253       -35.518999063160535     
   21.860313475376479       -35.581827781338660     
   24.046344822914129       -35.642927755345696     
   26.450979305205543       -35.702368593029441     
   29.096077235726099       -35.760216283550122     
   32.005684959298712       -35.816533423307462     
   35.206253455228584       -35.871379425725912     
   38.726878800751443       -35.924810716171841     
   42.599566680826591       -35.976880913168849     
   46.859523348909256       -36.027640996978853     
   51.545475683800184       -36.077139466527065     
   56.700023252180209       -36.125422485566993     
   62.370025577398238       -36.172534018907243     
   68.607028135138066       -36.218515959453740     
   75.467730948651877       -36.263408246759084     
   83.014504043517064       -36.307248977713833     
   91.315954447868776       -36.350074509963157     
