   1.0000000000000000E-004   29.980405780146469     
   1.1000000000000002E-004   29.978446993770774     
   1.2100000000000003E-004   29.976292462187999     
   1.3310000000000004E-004   29.973922638881817     
   1.4641000000000006E-004   29.971316028560338     
   1.6105100000000008E-004   29.968448993510307     
   1.7715610000000010E-004   29.965295540845560     
   1.9487171000000012E-004   29.961827088791964     
   2.1435888100000014E-004   29.958012209979103     
   2.3579476910000016E-004   29.953816349517254     
   2.5937424601000017E-004   29.949201515433771     
   2.8531167061100022E-004   29.944125938820278     
   3.1384283767210024E-004   29.938543700802043     
   3.4522712143931030E-004   29.932404323178034     
   3.7974983358324136E-004   29.925652319303111     
   4.1772481694156552E-004   29.918226701483633     
   4.5949729863572212E-004   29.910060440831444     
   5.0544702849929441E-004   29.901079875181992     
   5.5599173134922395E-004   29.891204060315587     
   6.1159090448414640E-004   29.880344059330668     
   6.7274999493256108E-004   29.868402164617464     
   7.4002499442581723E-004   29.855271046447058     
   8.1402749386839902E-004   29.840832821753779     
   8.9543024325523899E-004   29.824958036232275     
   9.8497326758076298E-004   29.807504552408545     
   1.0834705943388394E-003   29.788316335879941     
   1.1918176537727234E-003   29.767222131467605     
   1.3109994191499959E-003   29.744034020584223     
   1.4420993610649957E-003   29.718545850724524     
   1.5863092971714955E-003   29.690531527629915     
   1.7449402268886452E-003   29.659743160410471     
   1.9194342495775099E-003   29.625909049731177     
   2.1113776745352612E-003   29.588731509139507     
   2.3225154419887874E-003   29.547884509752805     
   2.5547669861876662E-003   29.503011138901201     
   2.8102436848064329E-003   29.453720863988210     
   3.0912680532870765E-003   29.399586593858345     
   3.4003948586157845E-003   29.340141531439755     
   3.7404343444773632E-003   29.274875813456944     
   4.1144777789250998E-003   29.203232935706822     
   4.5259255568176103E-003   29.124605965885607     
   4.9785181124993722E-003   29.038333550419807     
   5.4763699237493097E-003   28.943695727346153     
   6.0240069161242409E-003   28.839909564221145     
   6.6264076077366656E-003   28.726124648526607     
   7.2890483685103327E-003   28.601418468315487     
   8.0179532053613663E-003   28.464791733164276     
   8.8197485258975031E-003   28.315163700115505     
   9.7017233784872543E-003   28.151367586467828     
   1.0671895716335981E-002   27.972146171228928     
   1.1739085287969580E-002   27.776147709978687     
   1.2912993816766539E-002   27.561922313921087     
   1.4204293198443194E-002   27.327918973041392     
   1.5624722518287514E-002   27.072483435387980     
   1.7187194770116265E-002   26.793857189202228     
   1.8905914247127894E-002   26.490177831292613     
   2.0796505671840684E-002   26.159481142667332     
   2.2876156239024753E-002   25.799705229565348     
   2.5163771862927231E-002   25.408697122629675     
   2.7680149049219956E-002   24.984222256442649     
   3.0448163954141953E-002   24.523977272611276     
   3.3492980349556153E-002   24.025606598001502     
   3.6842278384511769E-002   23.486723240696364     
   4.0526506222962951E-002   22.904934214340997     
   4.4579156845259246E-002   22.277870940763179     
   4.9037072529785175E-002   21.603224885038550     
   5.3940779782763695E-002   20.878788540787291     
   5.9334857761040069E-002   20.102501701743556     
   6.5268343537144086E-002   19.272502725765733     
   7.1795177890858500E-002   18.387184219607434     
   7.8974695679944362E-002   17.445252251149796     
   8.6872165247938810E-002   16.445787839777282     
   9.5559381772732696E-002   15.388309100572009     
  0.10511531995000598        14.272832046003785     
  0.11562685194500658        13.099927708188972     
  0.12718953713950723        11.870772969370378     
  0.13990849085345797        10.587192315042707     
  0.15389933993880378        9.2516876901239229     
  0.16928927393268417        7.8674537764543615     
  0.18621820132595260        6.4383763431128074     
  0.20484002145854788        4.9690118587106440     
  0.22532402360440268        3.4645472875166305     
  0.24785642596484297        1.9307398883129778     
  0.27264206856132728       0.37383784427586875     
  0.29990627541746001       -1.1995163966001599     
  0.32989690295920604       -2.7823971809367336     
  0.36288659325512668       -4.3677173375795206     
  0.39917525258063935       -5.9483560481446389     
  0.43909277783870332       -7.5172880543319422     
  0.48300205562257370       -9.0677092666244121     
  0.53130226118483115       -10.593154070303882     
  0.58443248730331432       -12.087600153826671     
  0.64287573603364578       -13.545557460403909     
  0.70716330963701046       -14.962138813544783     
  0.77787964060071157       -16.333110806745641     
  0.85566760466078284       -17.654924590194792     
  0.94123436512686121       -18.924727155038720     
   1.0353578016395475       -20.140354545669084     
   1.1388935818035024       -21.300309080037035     
   1.2527829399838528       -22.403723106188142     
   1.3780612339822382       -23.450312069307195     
   1.5158673573804622       -24.440319723598552     
   1.6674540931185085       -25.374458225382771     
   1.8341995024303595       -26.253845622898574     
   2.0176194526733955       -27.079942951743540     
   2.2193813979407353       -27.854492788348516     
   2.4413195377348091       -28.579460738701638     
   2.6854514915082901       -29.256980971123056     
   2.9539966406591192       -29.889306559112256     
   3.2493963047250314       -30.478765095685688     
   3.5743359351975350       -31.027719781123167     
   3.9317695287172887       -31.538535973999082     
   4.3249464815890182       -32.013553029681084     
   4.7574411297479200       -32.455061127645678     
   5.2331852427227128       -32.865282704054970     
   5.7565037669949843       -33.246358053440559     
   6.3321541436944830       -33.600334637306510     
   6.9653695580639319       -33.929159632511357     
   7.6619065138703260       -34.234675263443165     
   8.4280971652573591       -34.518616484905436     
   9.2709068817830964       -34.782610613597910     
   10.197997569961407       -35.028178542062349     
   11.217797326957548       -35.256737207529049     
   12.339577059653305       -35.469603027338863     
   13.573534765618636       -35.667996051085154     
   14.930888242180501       -35.853044616272847     
   16.423977066398553       -36.025790328406430     
   18.066374773038412       -36.187193217544007     
   19.873012250342253       -36.338136951253382     
   21.860313475376479       -36.479434008510474     
   24.046344822914129       -36.611830740449903     
   26.450979305205543       -36.736012262165133     
   29.096077235726099       -36.852607135178182     
   32.005684959298712       -36.962191813012517     
   35.206253455228584       -37.065294832784744     
   38.726878800751443       -37.162400744161751     
   42.599566680826591       -37.253953773685822     
   46.859523348909256       -37.340361227610586     
   51.545475683800184       -37.421996640255799     
   56.700023252180209       -37.499202677696097     
   62.370025577398238       -37.572293808539740     
   68.607028135138066       -37.641558754796257     
   75.467730948651877       -37.707262736520462     
   83.014504043517064       -37.769649524177005     
   91.315954447868776       -37.828943312596472     
